	F	M	L	I	V	P	Y	W	C	A	G	S	T	H	E	Q	D	N	K	R	*
F	0	0.05	0.08	0.08	0.1	0.1	0.21	0.25	0.22	0.43	0.53	0.81	0.81	0.8	1	1	1	1	1	1	1
M	0.1	0	0.03	0.03	0.1	0.1	0.25	0.32	0.21	0.41	0.42	0.8	0.8	0.8	1	1	1	1	1	1	1
L	0.15	0.05	0	0	0.03	0.03	0.28	0.36	0.2	0.43	0.51	0.8	0.8	0.81	1	1	1	1	1	1.01	1
I	0.15	0.05	0	0	0.03	0.03	0.28	0.36	0.2	0.43	0.51	0.8	0.8	0.81	1	1	1	1	1	1.01	1
V	0.2	0.1	0.05	0.05	0	0	0.32	0.4	0.2	0.4	0.5	0.8	0.8	0.81	1	1	1	1	1	1.02	1
P	0.2	0.1	0.05	0.05	0	0	0.32	0.4	0.2	0.4	0.5	0.8	0.8	0.81	1	1	1	1	1	1.02	1
Y	0.2	0.22	0.22	0.22	0.24	0.24	0	0.1	0.13	0.27	0.36	0.62	0.61	0.6	0.8	0.8	0.81	0.81	0.8	0.8	1
W	0.21	0.24	0.25	0.25	0.27	0.27	0.05	0	0.18	0.3	0.39	0.63	0.63	0.61	0.81	0.81	0.81	0.81	0.81	0.8	1
C	0.28	0.22	0.21	0.21	0.2	0.2	0.25	0.35	0	0.25	0.31	0.6	0.6	0.62	0.81	0.81	0.8	0.8	0.81	0.82	1
A	0.5	0.45	0.43	0.43	0.41	0.41	0.4	0.49	0.22	0	0.1	0.4	0.41	0.47	0.63	0.63	0.62	0.62	0.63	0.67	1
G	0.61	0.56	0.54	0.54	0.52	0.52	0.5	0.58	0.34	0.1	0	0.32	0.34	0.42	0.56	0.56	0.54	0.54	0.56	0.61	1
S	0.81	0.8	0.8	0.8	0.8	0.8	0.62	0.63	0.6	0.4	0.3	0	0.03	0.1	0.21	0.21	0.2	0.2	0.21	0.24	1
T	0.81	0.8	0.8	0.8	0.8	0.8	0.61	0.63	0.6	0.4	0.31	0.03	0	0.08	0.21	0.21	0.2	0.2	0.21	0.22	1
H	0.8	0.8	1	1	0.8	0.8	0.6	0.61	0.61	0.42	0.34	0.1	0.08	0	0.2	0.2	0.21	0.21	0.2	0.2	1
E	1	1	1	1	1	1	0.8	0.81	0.8	0.61	0.52	0.22	0.21	0.2	0	0	0.03	0.03	0	0.05	1
Q	1	1	1	1	1	1	0.8	0.81	0.8	0.61	0.52	0.22	0.21	0.2	0	0	0.03	0.03	0	0.05	1
D	1	1	1	1	1	1	0.81	0.81	0.8	0.61	0.51	0.21	0.2	0.21	0.03	0.03	0	0	0.03	0.08	1
N	1	1	1	1	1	1	0.81	0.81	0.8	0.61	0.51	0.21	0.2	0.21	0.03	0.03	0	0	0.03	0.08	1
K	1	1	1	1	1	1	0.8	0.81	0.8	0.61	0.52	0.22	0.21	0.2	0	0	0.03	0.03	0	0.05	1
R	1	1	1	1	1.01	1.01	0.8	0.8	0.81	0.62	0.53	0.24	0.22	0.2	0.05	0.05	0.08	0.08	0.05	1
*	1	1	1	1	1	1	1	1	1	1	1	1	1	1	1	1	1	1	1	1	0